Front            0.000000   0.000000   1.000000
Back             0.000000   0.000000   -1.000000
Right            1.000000   0.000000   0.000000
Left             -1.000000  0.000000   0.000000
Up               0.000000   1.000000   0.000000
Down             0.000000   -1.000000  0.000000
FrontRight       0.707107   0.000000   0.707107
FrontLeft        -0.707107  0.000000   0.707107
FrontUp          0.000000   0.707107   0.707107
FrontDown        0.000000   -0.707107  0.707107
BackRight        0.707107   0.000000   -0.707107
BackLeft         -0.707107  0.000000   -0.707107
BackUp           0.000000   0.707107   -0.707107
BackDown         0.000000   -0.707107  -0.707107
RightUp          0.707107   0.707107   0.000000
RightDown        0.707107   -0.707107  0.000000
LeftUp           -0.707107  0.707107   0.000000
LeftDown         -0.707107  -0.707107  0.000000
FrontRightUp     0.577350   0.577350   0.577350
FrontRightDown   0.577350   -0.577350  0.577350
FrontLeftUp      -0.577350  0.577350   0.577350
FrontLeftDown    -0.577350  -0.577350  0.577350
BackRightUp      0.577350   0.577350   -0.577350
BackRightDown    0.577350   -0.577350  -0.577350
BackLeftUp       -0.577350  0.577350   -0.577350
BackLeftDown     -0.577350  -0.577350  -0.577350
North            0.000000   0.000000   1.000000
South            0.000000   0.000000   -1.000000
East             1.000000   0.000000   0.000000
West             -1.000000  0.000000   0.000000
Sky              0.000000   1.000000   0.000000
Ground           0.000000   -1.000000  0.000000
NorthEast        0.707107   0.000000   0.707107
NorthWest        -0.707107  0.000000   0.707107
NorthSky         0.000000   0.707107   0.707107
NorthGround      0.000000   -0.707107  0.707107
SouthEast        0.707107   0.000000   -0.707107
SouthWest        -0.707107  0.000000   -0.707107
SouthSky         0.000000   0.707107   -0.707107
SouthGround      0.000000   -0.707107  -0.707107
EastSky          0.707107   0.707107   0.000000
EastGround       0.707107   -0.707107  0.000000
WestSky          -0.707107  0.707107   0.000000
WestGround       -0.707107  -0.707107  0.000000
NorthEastSky     0.577350   0.577350   0.577350
NorthEastGround  0.577350   -0.577350  0.577350
NorthWestSky     -0.577350  0.577350   0.577350
NorthWestGround  -0.577350  -0.577350  0.577350
SouthEastSky     0.577350   0.577350   -0.577350
SouthEastGround  0.577350   -0.577350  -0.577350
SouthWestSky     -0.577350  0.577350   -0.577350
SouthWestGround  -0.577350  -0.577350  -0.577350
